7680140466637081870
7677907264505761037
7679007845823565069
7676423008138939662
7684216591495597325
7678279872166300941
7686070098993499406
7675673452786748685
7686441972759792910
7684590805373160718
7680506880711576846
7683473382268062990
7675308156523711758
7673824343863987470
7683099040564645133
7677527420920024334
7686815276746214669
7676048360721206541
7678640103719210254
7688298507878403341
7680872898688503053
7689026632362757390
7685704358423514382
7688670713577835790
7682729688900373774
